676.0 326.0 677.0 313.67 646.33 311.67 645.33 324.0 MotorCycle 0
487.0 448.67 500.33 453.67 511.33 424.33 498.0 419.33 MotorCycle 0
153.67 254.0 151.33 266.33 184.67 272.33 187.0 260.0 MotorCycle 0
355.33 454.0 379.67 463.67 397.67 419.0 373.33 409.33 AutoRicksaw 0
784.67 141.33 784.0 154.0 815.67 155.67 816.33 143.0 MotorCycle 0
393.33 167.33 389.0 207.67 477.67 217.0 482.0 176.67 PickUp 0
1175.0 118.33 1175.0 146.33 1228.33 146.33 1228.33 118.33 AutoRicksaw 0
572.33 345.33 573.33 314.33 500.67 312.33 499.67 343.33 SUV 0
735.33 357.67 735.33 343.67 704.0 343.67 704.0 357.67 MotorCycle 0
499.67 528.0 531.0 525.67 525.33 453.67 494.0 456.0 SUV 0
247.67 243.33 235.67 272.0 304.0 300.33 316.0 271.67 SUV 0
232.0 285.67 226.0 295.0 259.0 316.0 265.0 306.67 MotorCycle 0
34.67 138.0 34.67 188.67 189.33 188.67 189.33 138.0 Truck 0
818.33 379.0 818.67 367.67 786.67 367.33 786.33 378.67 MotorCycle 0
990.0 398.67 990.0 384.67 959.33 384.67 959.33 398.67 MotorCycle 0
983.33 180.0 983.33 212.67 1050.0 212.67 1050.0 180.0 SUV 0
856.67 124.0 855.33 151.33 905.67 153.67 907.0 126.33 AutoRicksaw 0
383.33 605.33 379.33 592.67 343.0 603.67 347.0 616.33 MotorCycle 0
220.67 295.0 209.67 307.0 240.33 334.67 251.33 322.67 MotorCycle 0
187.33 440.33 186.0 425.67 151.67 429.33 153.0 444.0 MotorCycle 0
64.33 451.33 63.67 439.33 32.67 441.0 33.33 453.0 MotorCycle 0
73.67 425.0 71.67 412.0 37.33 417.33 39.33 430.33 MotorCycle 0
129.67 420.33 129.67 396.33 85.67 396.33 85.67 420.33 AutoRicksaw 0
392.0 469.33 422.67 479.33 445.67 410.33 415.0 400.33 SUV 0
537.0 402.33 538.0 372.67 472.0 370.0 471.0 399.67 SUV 0
1097.33 463.33 1097.0 449.0 1062.33 449.67 1062.67 464.0 MotorCycle 0
469.33 446.0 481.33 450.33 493.0 419.0 481.0 414.67 MotorCycle 0
630.67 388.33 630.0 358.33 566.33 360.0 567.0 390.0 SUV 0
1134.0 687.0 1135.0 700.0 1166.33 698.0 1165.33 685.0 MotorCycle 0
453.67 369.33 452.67 321.33 205.33 325.0 206.33 373.0 Tanker 0
580.33 413.0 581.67 400.0 547.33 396.0 546.0 409.0 MotorCycle 0
1241.67 159.67 1242.0 174.0 1273.33 173.33 1273.0 159.0 MotorCycle 0
285.0 129.67 285.0 144.33 319.0 144.33 319.0 129.67 MotorCycle 0
159.67 226.0 155.0 254.67 224.0 266.33 228.67 237.67 SUV 0
1131.67 400.67 1130.0 368.33 1054.67 371.67 1056.33 404.0 Sedan 0
