723.0 389.67 724.0 360.0 658.0 357.33 657.0 387.0 Sedan 0
192.67 532.33 215.0 505.0 163.0 463.33 140.67 490.67 SUV 0
937.33 338.67 938.0 308.33 875.67 307.0 875.0 337.33 SUV 0
583.67 435.33 583.67 422.0 552.33 422.0 552.33 435.33 MotorCycle 0
573.67 454.33 575.0 444.0 540.67 439.33 539.33 449.67 MotorCycle 0
718.67 340.67 719.0 310.0 653.67 309.0 653.33 339.67 SUV 0
276.67 223.67 275.33 235.33 309.0 239.33 310.33 227.67 MotorCycle 0
294.67 204.67 292.67 217.0 330.33 223.0 332.33 210.67 MotorCycle 0
1207.0 125.0 1208.0 138.67 1243.33 136.0 1242.33 122.33 MotorCycle 0
626.67 340.67 628.0 311.0 557.0 307.67 555.67 337.33 SUV 0
679.33 533.67 654.67 521.67 627.67 576.0 652.33 588.0 SUV 0
744.67 435.33 743.33 424.33 712.33 427.67 713.67 438.67 MotorCycle 0
531.0 451.33 532.33 425.33 472.67 422.33 471.33 448.33 SUV 0
375.67 459.67 376.0 446.0 345.33 444.67 345.0 458.33 MotorCycle 0
215.33 226.67 211.0 253.33 270.33 263.0 274.67 236.33 SUV 0
835.33 355.0 838.0 321.33 755.67 314.0 753.0 347.67 SUV 0
134.0 404.0 135.33 393.0 102.33 388.33 101.0 399.33 MotorCycle 0
975.0 378.0 974.67 353.0 916.67 354.33 917.0 379.33 SUV 0
649.67 380.0 647.67 351.0 581.33 355.67 583.33 384.67 SUV 0
83.67 474.67 89.0 438.0 15.33 427.0 10.0 463.67 SUV 0
281.0 259.33 260.33 280.33 312.0 330.33 332.67 309.33 Sedan 0
540.67 281.0 551.33 306.67 607.0 284.0 596.33 258.33 SUV 0
1023.67 145.33 1023.67 178.67 1094.33 178.67 1094.33 145.33 SUV 0
552.33 348.0 521.67 347.0 518.67 415.0 549.33 416.0 SUV 0
379.0 437.67 379.33 404.67 302.67 403.33 302.33 436.33 SUV 0
437.67 338.0 413.33 353.33 451.33 413.0 475.67 397.67 SUV 0
1112.33 403.0 1112.33 390.33 1080.33 390.33 1080.33 403.0 MotorCycle 0
297.33 370.67 296.33 340.33 229.67 343.0 230.67 373.33 Sedan 0
310.33 537.33 339.67 575.33 442.0 497.0 412.67 459.0 Tipper 0
841.67 401.0 840.67 370.67 777.33 372.67 778.33 403.0 SUV 0
