402.67 459.67 401.33 448.67 369.67 452.67 371.0 463.67 MotorCycle 0
322.0 276.33 321.0 288.67 356.33 291.33 357.33 279.0 MotorCycle 0
603.33 163.67 605.33 176.0 634.33 171.33 632.33 159.0 MotorCycle 0
83.67 529.33 83.33 505.33 32.67 505.67 33.0 529.67 Auto3WCargo 0
330.0 175.33 331.0 187.0 360.33 184.33 359.33 172.67 MotorCycle 0
647.33 376.0 656.67 383.33 676.33 359.0 667.0 351.67 MotorCycle 0
1192.0 149.33 1193.67 179.0 1263.67 175.67 1262.0 146.0 Sedan 0
138.67 289.33 142.33 315.67 217.67 305.67 214.0 279.33 Sedan 0
177.33 452.33 177.33 429.0 132.0 429.0 132.0 452.33 AutoRicksaw 0
338.0 303.33 329.33 329.0 393.67 351.0 402.33 325.33 SUV 0
445.33 175.0 445.67 187.67 475.67 187.33 475.33 174.67 MotorCycle 0
425.33 289.0 412.33 317.33 471.0 344.0 484.0 315.67 SUV 0
368.67 202.67 370.67 231.67 434.33 227.0 432.33 198.0 SUV 0
1007.67 424.67 1007.33 412.0 974.67 412.33 975.0 425.0 MotorCycle 0
382.67 405.0 377.33 376.33 315.67 387.33 321.0 416.0 SUV 0
465.67 543.67 473.0 518.33 420.0 502.67 412.67 528.0 Auto3WCargo 0
1096.67 303.67 1095.0 270.67 1018.33 274.67 1020.0 307.67 SUV 0
1014.67 134.33 1018.0 164.0 1085.0 156.67 1081.67 127.0 Sedan 0
726.0 633.33 712.67 633.33 712.67 666.0 726.0 666.0 MotorCycle 0
947.67 418.0 947.0 406.67 918.0 408.33 918.67 419.67 MotorCycle 0
316.0 348.33 312.67 359.0 342.33 368.67 345.67 358.0 MotorCycle 0
289.0 201.0 289.33 213.0 319.33 212.67 319.0 200.67 MotorCycle 0
1082.0 379.0 1082.0 367.0 1049.33 367.0 1049.33 379.0 MotorCycle 0
709.0 178.33 709.33 191.33 738.67 190.0 738.33 177.0 MotorCycle 0
247.67 460.0 246.0 449.67 218.0 454.33 219.67 464.67 MotorCycle 0
797.0 461.33 792.67 452.33 766.0 464.33 770.33 473.33 MotorCycle 0
337.0 609.67 354.33 585.33 295.33 543.33 278.0 567.67 SUV 0
962.33 387.67 958.0 354.67 890.0 363.33 894.33 396.33 SUV 0
173.67 708.33 170.33 695.0 142.0 702.0 145.33 715.33 MotorCycle 0
519.33 389.0 514.0 361.0 444.33 374.0 449.67 402.0 Sedan 0
573.67 194.33 575.33 224.0 640.67 220.67 639.0 191.0 Sedan 0
750.0 146.0 751.0 157.67 781.0 155.0 780.0 143.33 MotorCycle 0
842.33 324.0 840.0 291.0 770.0 295.67 772.33 328.67 SUV 0
152.0 484.67 150.0 459.67 101.67 463.67 103.67 488.67 AutoRicksaw 0
336.33 466.67 333.0 443.67 286.67 450.33 290.0 473.33 AutoRicksaw 0
180.0 232.33 182.0 262.0 253.67 257.33 251.67 227.67 Sedan 0
673.0 466.0 709.33 487.33 781.33 365.67 745.0 344.33 Bus 0
53.67 293.67 54.67 306.0 86.67 304.0 85.67 291.67 MotorCycle 0
