301.67 405.33 300.33 394.33 270.67 397.67 272.0 408.67 MotorCycle 0
451.67 630.0 465.67 630.0 465.67 600.67 451.67 600.67 MotorCycle 0
381.0 633.67 392.33 633.67 392.33 604.33 381.0 604.33 MotorCycle 0
400.67 576.0 437.67 592.0 497.67 452.33 460.67 436.33 Bus 0
132.0 396.33 131.0 369.33 71.67 372.0 72.67 399.0 SUV 0
358.0 171.33 358.0 201.33 424.67 201.33 424.67 171.33 Sedan 0
902.67 390.0 902.0 381.0 875.67 383.0 876.33 392.0 MotorCycle 0
205.0 610.67 219.33 589.67 176.0 561.0 161.67 582.0 AutoRicksaw 0
856.0 707.33 858.33 678.33 807.67 674.33 805.33 703.33 AutoRicksaw 0
809.0 127.0 811.33 137.33 843.33 130.67 841.0 120.33 MotorCycle 0
392.0 125.67 395.0 150.67 445.67 144.67 442.67 119.67 AutoRicksaw 0
1001.0 143.0 1003.33 178.67 1078.67 174.0 1076.33 138.33 SUV 0
155.33 240.0 152.33 268.33 221.67 275.67 224.67 247.33 Sedan 0
1097.33 700.33 1097.33 670.33 1040.0 670.33 1040.0 700.33 SUV 0
293.0 322.0 285.33 328.33 306.67 353.0 314.33 346.67 MotorCycle 0
