1039.0 132.0 1040.0 143.0 1070.0 141.0 1069.0 130.0 MotorCycle 0
38.67 671.0 37.0 659.33 7.67 663.33 9.33 675.0 MotorCycle 0
289.33 609.0 286.67 600.33 261.67 607.33 264.33 616.0 MotorCycle 0
973.0 365.0 973.0 397.67 1067.67 397.67 1067.67 365.0 PickUp 0
469.33 409.33 481.33 409.33 481.33 379.33 469.33 379.33 MotorCycle 0
650.67 120.67 653.0 173.67 819.67 167.0 817.33 114.0 Truck 0
653.33 459.67 651.33 448.0 621.67 452.67 623.67 464.33 MotorCycle 0
48.33 460.0 49.33 449.0 19.33 446.33 18.33 457.33 MotorCycle 0
497.0 300.0 527.33 318.33 568.67 250.33 538.33 232.0 SUV 0
277.0 240.0 257.0 263.0 310.67 309.67 330.67 286.67 SUV 0
573.67 457.0 575.0 445.33 544.67 442.0 543.33 453.67 MotorCycle 0
610.0 457.33 610.0 444.0 581.33 444.0 581.33 457.33 MotorCycle 0
108.67 513.33 111.33 501.67 82.33 494.33 79.67 506.0 MotorCycle 0
166.33 214.33 158.67 246.0 232.67 263.33 240.33 231.67 SUV 0
357.67 424.0 348.67 431.0 368.67 456.33 377.67 449.33 MotorCycle 0
1111.67 195.33 1113.0 206.33 1148.0 201.67 1146.67 190.67 MotorCycle 0
53.67 687.0 51.33 675.33 24.67 680.67 27.0 692.33 MotorCycle 0
56.67 429.0 56.67 417.0 28.67 417.0 28.67 429.0 MotorCycle 0
1178.33 355.0 1178.33 389.0 1273.67 389.0 1273.67 355.0 PickUp 0
77.33 642.33 76.0 654.67 111.67 659.33 113.0 647.0 MotorCycle 0
1066.33 248.67 1066.33 290.0 1189.67 290.0 1189.67 248.67 Truck 0
1068.67 307.67 1068.33 263.0 909.0 263.33 909.33 308.0 Truck 0
160.0 458.33 160.67 445.67 130.33 444.0 129.67 456.67 MotorCycle 0
596.67 263.0 598.0 273.33 626.33 269.33 625.0 259.0 MotorCycle 0
32.0 239.33 33.0 249.0 73.0 245.0 72.0 235.33 MotorCycle 0
142.67 122.0 143.33 132.33 176.33 130.33 175.67 120.0 MotorCycle 0
379.67 339.67 365.0 340.0 366.0 372.0 380.67 371.67 MotorCycle 0
528.33 328.33 539.67 334.33 555.33 304.0 544.0 298.0 MotorCycle 0
1018.33 322.33 1018.33 351.67 1095.0 351.67 1095.0 322.33 PickUp 0
532.0 348.67 532.0 388.67 634.0 388.67 634.0 348.67 PickUp 0
1210.67 711.0 1209.33 700.67 1178.33 704.0 1179.67 714.33 MotorCycle 0
514.67 139.33 514.33 171.67 585.0 173.0 585.33 140.67 SUV 0
1235.67 420.0 1235.67 396.0 1183.0 396.0 1183.0 420.0 AutoRicksaw 0
410.67 376.67 381.33 385.33 399.0 447.0 428.33 438.33 SUV 0
440.33 340.0 474.67 346.0 488.0 270.33 453.67 264.33 SUV 0
720.33 448.0 719.33 437.0 689.33 439.67 690.33 450.67 MotorCycle 0
115.0 384.67 113.67 352.33 34.67 355.67 36.0 388.0 SUV 0
836.0 422.67 836.0 410.67 805.33 410.67 805.33 422.67 MotorCycle 0
397.67 550.33 404.0 518.33 344.67 506.0 338.33 538.0 SUV 0
