1011.67 310.33 1012.0 320.0 1032.67 319.33 1032.33 309.67 MotorCycle 0
404.67 434.33 405.0 413.0 357.0 412.67 356.67 434.0 Sedan 0
891.67 518.33 891.67 491.67 835.67 491.67 835.67 518.33 SUV 0
893.33 353.33 893.33 376.67 946.0 376.67 946.0 353.33 SUV 0
398.33 474.0 397.67 450.0 350.0 451.67 350.67 475.67 SUV 0
615.33 477.67 615.33 454.33 570.67 454.33 570.67 477.67 Sedan 0
604.33 515.33 603.0 507.0 580.67 510.33 582.0 518.67 MotorCycle 0
39.0 342.0 39.0 366.0 86.33 366.0 86.33 342.0 SUV 0
305.0 518.67 305.0 500.0 273.0 500.0 273.0 518.67 AutoRicksaw 0
238.0 287.33 258.67 287.33 258.67 252.0 238.0 252.0 AutoRicksaw 0
506.67 289.33 506.33 311.0 553.67 312.33 554.0 290.67 Sedan 0
379.33 537.0 380.33 527.33 357.0 525.33 356.0 535.0 MotorCycle 0
503.0 475.67 503.0 453.67 457.67 453.67 457.67 475.67 SUV 0
439.33 272.67 439.33 262.0 420.0 262.0 420.0 272.67 MotorCycle 0
992.0 270.67 994.67 293.67 1041.0 288.33 1038.33 265.33 SUV 0
437.67 514.67 442.0 492.0 395.33 483.67 391.0 506.33 SUV 0
619.67 447.0 620.0 425.33 573.33 424.0 573.0 445.67 SUV 0
726.33 247.67 726.33 272.33 775.67 272.33 775.67 247.67 SUV 0
542.67 452.67 542.33 434.33 502.33 435.67 502.67 454.0 Auto3WCargo 0
507.33 437.0 507.33 413.67 459.33 413.67 459.33 437.0 SUV 0
451.67 439.0 451.67 419.67 419.67 419.67 419.67 439.0 AutoRicksaw 0
558.0 504.0 557.67 481.33 511.67 481.67 512.0 504.33 SUV 0
252.0 330.67 252.0 346.67 278.0 346.67 278.0 330.67 AutoRicksaw 0
343.0 505.33 342.33 514.67 365.33 516.33 366.0 507.0 MotorCycle 0
759.67 286.33 759.67 296.33 782.33 296.33 782.33 286.33 MotorCycle 0
148.67 343.33 147.0 370.33 221.0 374.33 222.67 347.33 Van 0
262.67 368.0 262.67 378.0 284.67 378.0 284.67 368.0 MotorCycle 0
623.0 354.33 623.0 379.67 680.33 379.67 680.33 354.33 SUV 0
990.0 325.67 990.33 334.67 1012.33 333.33 1012.0 324.33 MotorCycle 0
346.67 449.0 346.0 430.33 307.67 432.0 308.33 450.67 Auto3WCargo 0
498.0 512.0 498.0 486.0 448.0 486.0 448.0 512.0 SUV 0
881.33 485.67 881.0 459.33 823.0 460.0 823.33 486.33 Sedan 0
