625.0 115.0 624.67 165.67 758.0 166.0 758.33 115.33 Container 0
607.67 180.67 607.67 217.33 697.0 217.33 697.0 180.67 PickUp 0
794.0 186.0 793.0 217.0 860.33 219.67 861.33 188.67 SUV 0
631.67 696.0 645.0 666.33 585.33 639.67 572.0 669.33 SUV 0
1134.0 371.67 1133.67 360.67 1102.33 362.0 1102.67 373.0 MotorCycle 0
475.0 626.0 490.0 597.33 429.33 565.67 414.33 594.33 SUV 0
502.67 381.67 502.33 353.0 440.33 354.0 440.67 382.67 Sedan 0
1041.0 190.67 1041.0 224.67 1111.67 224.67 1111.67 190.67 SUV 0
401.67 606.67 373.67 619.67 401.33 678.33 429.33 665.33 Sedan 0
362.67 411.0 362.33 399.33 333.67 400.67 334.0 412.33 MotorCycle 0
75.67 187.0 73.0 215.33 138.0 221.33 140.67 193.0 SUV 0
503.0 402.0 501.33 393.0 472.0 398.33 473.67 407.33 MotorCycle 0
393.67 152.33 393.67 165.67 421.67 165.67 421.67 152.33 MotorCycle 0
266.67 349.0 264.67 336.67 235.0 340.67 237.0 353.0 MotorCycle 0
908.33 201.33 909.33 213.0 939.33 211.0 938.33 199.33 MotorCycle 0
576.67 392.67 575.67 381.0 547.0 383.0 548.0 394.67 MotorCycle 0
1071.0 144.67 1071.33 157.0 1100.67 155.67 1100.33 143.33 MotorCycle 0
