1076.0 327.67 1076.0 313.0 1042.67 313.0 1042.67 327.67 MotorCycle 0
1146.33 295.67 1146.67 261.67 1074.67 261.33 1074.33 295.33 SUV 0
360.33 457.67 349.67 466.0 373.33 496.0 384.0 487.67 MotorCycle 0
1040.33 364.33 1038.67 330.0 958.0 333.33 959.67 367.67 SUV 0
1015.33 398.67 1015.33 374.67 966.0 374.67 966.0 398.67 AutoRicksaw 0
425.67 439.67 412.67 445.67 428.67 480.0 441.67 474.0 MotorCycle 0
444.33 483.67 414.33 500.0 448.67 562.67 478.67 546.33 Sedan 0
701.67 320.0 715.33 323.67 724.67 291.0 711.0 287.33 MotorCycle 0
995.33 601.67 1008.67 601.67 1008.67 569.0 995.33 569.0 MotorCycle 0
462.67 579.33 440.33 598.33 491.0 657.0 513.33 638.0 Sedan 0
602.67 453.33 615.0 458.67 629.0 428.33 616.67 423.0 MotorCycle 0
573.33 461.0 584.33 467.0 600.33 438.67 589.33 432.67 MotorCycle 0
300.67 369.67 276.67 383.0 309.67 442.0 333.67 428.67 SUV 0
596.67 427.33 593.67 414.67 561.0 422.33 564.0 435.0 MotorCycle 0
610.67 408.67 608.67 374.33 528.33 379.0 530.33 413.33 SUV 0
342.0 355.67 316.67 367.67 340.33 417.33 365.67 405.33 AutoRicksaw 0
376.0 495.33 348.33 513.0 391.67 580.33 419.33 562.67 SUV 0
482.0 485.0 488.67 470.67 459.67 457.33 453.0 471.67 MotorCycle 0
380.33 414.33 356.33 429.0 390.0 483.33 414.0 468.67 SUV 0
1158.67 86.0 1158.67 126.0 1238.67 125.67 1238.67 85.67 SUV 0
90.33 169.0 88.33 199.0 158.67 204.0 160.67 174.0 Sedan 0
738.33 415.67 738.33 399.0 705.67 399.0 705.67 415.67 MotorCycle 0
452.0 395.33 478.33 417.67 528.33 359.0 502.0 336.67 Sedan 0
833.67 386.0 833.67 345.33 690.33 345.33 690.33 386.0 Truck 0
939.67 421.0 939.33 387.33 866.0 388.67 866.33 422.33 Sedan 0
196.0 121.0 196.0 136.33 229.33 136.33 229.33 121.0 MotorCycle 0
916.33 318.0 914.67 287.67 842.0 291.0 843.67 321.33 SUV 0
625.0 371.67 624.67 341.67 557.33 342.67 557.67 372.67 Sedan 0
926.33 433.0 926.0 420.67 892.67 422.0 893.0 434.33 MotorCycle 0
425.0 352.67 424.0 319.67 353.33 322.33 354.33 355.33 SUV 0
517.67 340.0 516.0 307.0 448.0 310.33 449.67 343.33 Sedan 0
71.0 210.67 71.67 241.33 141.33 239.67 140.67 209.0 SUV 0
230.33 249.67 208.67 273.33 272.67 330.67 294.33 307.0 SUV 0
521.33 472.33 524.33 459.33 491.67 452.67 488.67 465.67 MotorCycle 0
1209.33 413.33 1207.67 363.67 1071.67 368.33 1073.33 418.0 Tipper 0
1044.33 321.33 1044.33 287.33 966.33 287.33 966.33 321.33 SUV 0
36.33 134.67 36.33 148.67 71.67 148.67 71.67 134.67 MotorCycle 0
627.0 397.33 615.33 390.33 598.0 419.67 609.67 426.67 MotorCycle 0
573.33 478.0 574.33 464.33 543.0 462.33 542.0 476.0 MotorCycle 0
1200.67 347.0 1199.67 316.0 1127.67 318.67 1128.67 349.67 SUV 0
442.67 429.67 445.33 417.33 411.67 410.0 409.0 422.33 MotorCycle 0
498.0 431.67 504.33 424.67 478.33 402.67 472.0 409.67 MotorCycle 0
581.67 329.33 581.67 301.33 523.0 301.33 523.0 329.33 SUV 0
842.67 426.67 842.67 394.67 766.67 394.67 766.67 426.67 Sedan 0
929.33 376.67 927.67 345.0 851.67 348.33 853.33 380.0 SUV 0
558.0 553.33 567.0 543.67 541.67 521.0 532.67 530.67 MotorCycle 0
509.33 550.0 483.33 559.33 501.0 608.33 527.0 599.0 AutoRicksaw 0
341.67 137.67 340.0 184.0 474.67 188.67 476.33 142.33 Truck 0
673.67 326.67 672.67 292.0 594.67 293.67 595.67 328.33 SUV 0
568.67 593.33 553.0 624.67 617.0 656.33 632.67 625.0 SUV 0
1114.0 173.33 1114.0 204.0 1176.0 204.0 1176.0 173.33 SUV 0
823.33 321.0 821.67 288.0 742.33 291.33 744.0 324.33 SUV 0
561.0 427.33 559.67 415.67 526.67 420.33 528.0 432.0 MotorCycle 0
536.67 500.0 539.33 487.67 507.67 481.0 505.0 493.33 MotorCycle 0
468.0 309.33 468.0 294.67 432.0 294.67 432.0 309.33 MotorCycle 0
700.67 427.33 700.67 401.33 653.33 401.33 653.33 427.33 AutoRicksaw 0
172.67 245.33 170.33 258.33 202.33 264.33 204.67 251.33 MotorCycle 0
